255 255 255 255 255 255 255 255 255 255 255 255 255 255 255 255
255 243 199 199 199 199 199 199 199 199 199 199 199 199 243 255
255 199   0   0   0   0   0   0   0   0   0   0   0   0 199 255
255 199   0   0   0   0   0   0   0   0   0   0   0   0 199 255
255 199   0   0   0   0   0   0   0   0   0   0   0   0 199 255
255 199   0   0   0 253 220 241 253 237 253   0   0   0 199 255
255 199   0   0   0 247 231  46 243 253 237   0   0   0 199 255
255 199   0   0   0 253  96  63 205 250 248   0   0   0 199 255
255 199   0   0   0 253 184 231 232 202 253   0   0   0 199 255
255 199   0   0   0 251 104 221  99 212 253   0   0   0 199 255
255 199   0   0   0 253 253 253 253 253 253   0   0   0 199 255
255 199   0   0   0   0   0   0   0   0   0   0   0   0 199 255
255 199   0   0   0   0   0   0   0   0   0   0   0   0 199 255
255 199   0   0   0   0   0   0   0   0   0   0   0   0 199 255
255 243 199 199 199 199 199 199 199 199 199 199 199 199 243 255
255 255 255 255 255 255 255 255 255 255 255 255 255 255 255 255
255 255 255 255 255 255 255 255 255 255 255 255 255 255 255 255
255 243 199 199 199 199 199 199 199 199 199 199 199 199 243 255
255 199   0   0   0   0   0   0   0   0   0   0   0   0 199 255
255 199   0   0   0   0   0   0   0   0   0   0   0   0 199 255
255 199   0   0   0   0   0   0   0   0   0   0   0   0 199 255
255 199   0   0   0 254 216 237 254 236 254   0   0   0 199 255
255 199   0   0   0 247 229  46 241 254 236   0   0   0 199 255
255 199   0   0   0 254  88  63 194 250 247   0   0   0 199 255
255 199   0   0   0 254 184 232 232 201 254   0   0   0 199 255
255 199   0   0   0 252  97 218  98 211 254   0   0   0 199 255
255 199   0   0   0 254 254 254 254 254 254   0   0   0 199 255
255 199   0   0   0   0   0   0   0   0   0   0   0   0 199 255
255 199   0   0   0   0   0   0   0   0   0   0   0   0 199 255
255 199   0   0   0   0   0   0   0   0   0   0   0   0 199 255
255 243 199 199 199 199 199 199 199 199 199 199 199 199 243 255
255 255 255 255 255 255 255 255 255 255 255 255 255 255 255 255
255 255 255 255 255 255 255 255 255 255 255 255 255 255 255 255
255 243 199 199 199 199 199 199 199 199 199 199 199 199 243 255
255 199   0   0   0   0   0   0   0   0   0   0   0   0 199 255
255 199   0   0   0   0   0   0   0   0   0   0   0   0 199 255
255 199   0   0   0   0   0   0   0   0   0   0   0   0 199 255
255 199   0   0   0 254 215 239 254 236 254   0   0   0 199 255
255 199   0   0   0 248 228  45 241 254 236   0   0   0 199 255
255 199   0   0   0 254  85  62 194 250 248   0   0   0 199 255
255 199   0   0   0 254 183 232 232 200 254   0   0   0 199 255
255 199   0   0   0 252  94 217  97 211 254   0   0   0 199 255
255 199   0   0   0 254 254 254 254 254 254   0   0   0 199 255
255 199   0   0   0   0   0   0   0   0   0   0   0   0 199 255
255 199   0   0   0   0   0   0   0   0   0   0   0   0 199 255
255 199   0   0   0   0   0   0   0   0   0   0   0   0 199 255
255 243 199 199 199 199 199 199 199 199 199 199 199 199 243 255
255 255 255 255 255 255 255 255 255 255 255 255 255 255 255 255

255 255 255 255 255 255 255 255 255 255 255 255 255 255 255 255
255 243 199 199 199 199 199 199 199 199 199 199 199 199 243 255
255 199   0   0   0   0   0   0   0   0   0   0   0   0 199 255
255 199   0   0   0   0   0   0   0   0   0   0   0   0 199 255
255 199   0   0   0   0   0   0   0   0   0   0   0   0 199 255
255 199   0   0   0 253 237 248 253 253 253   0   0   0 199 255
255 199   0   0   0 237 253 250 202 212 253   0   0   0 199 255
255 199   0   0   0 253 243 205 232  99 253   0   0   0 199 255
255 199   0   0   0 241  46  63 231 221 253   0   0   0 199 255
255 199   0   0   0 220 231  96 184 104 253   0   0   0 199 255
255 199   0   0   0 253 247 253 253 251 253   0   0   0 199 255
255 199   0   0   0   0   0   0   0   0   0   0   0   0 199 255
255 199   0   0   0   0   0   0   0   0   0   0   0   0 199 255
255 199   0   0   0   0   0   0   0   0   0   0   0   0 199 255
255 243 199 199 199 199 199 199 199 199 199 199 199 199 243 255
255 255 255 255 255 255 255 255 255 255 255 255 255 255 255 255
255 255 255 255 255 255 255 255 255 255 255 255 255 255 255 255
255 243 199 199 199 199 199 199 199 199 199 199 199 199 243 255
255 199   0   0   0   0   0   0   0   0   0   0   0   0 199 255
255 199   0   0   0   0   0   0   0   0   0   0   0   0 199 255
255 199   0   0   0   0   0   0   0   0   0   0   0   0 199 255
255 199   0   0   0 254 236 247 254 254 254   0   0   0 199 255
255 199   0   0   0 236 254 250 201 211 254   0   0   0 199 255
255 199   0   0   0 254 241 194 232  98 254   0   0   0 199 255
255 199   0   0   0 237  46  63 232 218 254   0   0   0 199 255
255 199   0   0   0 216 229  88 184  97 254   0   0   0 199 255
255 199   0   0   0 254 247 254 254 252 254   0   0   0 199 255
255 199   0   0   0   0   0   0   0   0   0   0   0   0 199 255
255 199   0   0   0   0   0   0   0   0   0   0   0   0 199 255
255 199   0   0   0   0   0   0   0   0   0   0   0   0 199 255
255 243 199 199 199 199 199 199 199 199 199 199 199 199 243 255
255 255 255 255 255 255 255 255 255 255 255 255 255 255 255 255
255 255 255 255 255 255 255 255 255 255 255 255 255 255 255 255
255 243 199 199 199 199 199 199 199 199 199 199 199 199 243 255
255 199   0   0   0   0   0   0   0   0   0   0   0   0 199 255
255 199   0   0   0   0   0   0   0   0   0   0   0   0 199 255
255 199   0   0   0   0   0   0   0   0   0   0   0   0 199 255
255 199   0   0   0 254 236 248 254 254 254   0   0   0 199 255
255 199   0   0   0 236 254 250 200 211 254   0   0   0 199 255
255 199   0   0   0 254 241 194 232  97 254   0   0   0 199 255
255 199   0   0   0 239  45  62 232 217 254   0   0   0 199 255
255 199   0   0   0 215 228  85 183  94 254   0   0   0 199 255
255 199   0   0   0 254 248 254 254 252 254   0   0   0 199 255
255 199   0   0   0   0   0   0   0   0   0   0   0   0 199 255
255 199   0   0   0   0   0   0   0   0   0   0   0   0 199 255
255 199   0   0   0   0   0   0   0   0   0   0   0   0 199 255
255 243 199 199 199 199 199 199 199 199 199 199 199 199 243 255
255 255 255 255 255 255 255 255 255 255 255 255 255 255 255 255

255 255 255 255 255 255 255 255 255 255 255 255 255 255 255 255
255 219 159 159 159 159 159 159 159 159 159 159 159 159 224 255
255 159   0   0   0   0   0   0   0   0   0   0   0   0 172 255
255 159   0   0   0   0   0   0   0   0   0   0   0   0 172 255
255 159   0   0  14  61  61  61  61  61  61  13   0   0 172 255
255 159   0   0  61 253 251 243 252 247 249  56   0   0 172 255
255 159   0   0  61 252 220 104 219 179 245  56   0   0 172 255
255 159   0   0  61 252 233 218 210 194 253  56   0   0 172 255
255 159   0   0  61 234 245 208 106 157 253  56   0   0 172 255
255 159   0   0  61 225 241 233  49 233 240  56   0   0 172 255
255 159   0   0  61 246 218 244 240 244 252  56   0   0 172 255
255 159   0   0  13  56  56  56  56  56  56  12   0   0 172 255
255 159   0   0   0   0   0   0   0   0   0   0   0   0 172 255
255 159   0   0   0   0   0   0   0   0   0   0   0   0 172 255
255 224 172 172 172 172 172 172 172 172 172 172 172 172 228 255
255 255 255 255 255 255 255 255 255 255 255 255 255 255 255 255
255 255 255 255 255 255 255 255 255 255 255 255 255 255 255 255
255 219 159 159 159 159 159 159 159 159 159 159 159 159 224 255
255 159   0   0   0   0   0   0   0   0   0   0   0   0 172 255
255 159   0   0   0   0   0   0   0   0   0   0   0   0 172 255
255 159   0   0  14  61  61  61  61  61  61  13   0   0 172 255
255 159   0   0  61 254 252 244 253 248 250  56   0   0 172 255
255 159   0   0  61 253 219 103 215 175 245  56   0   0 172 255
255 159   0   0  61 253 233 218 210 193 254  56   0   0 172 255
255 159   0   0  61 231 245 199 105 151 254  56   0   0 172 255
255 159   0   0  61 224 240 229  47 231 240  56   0   0 172 255
255 159   0   0  61 246 216 243 238 243 253  56   0   0 172 255
255 159   0   0  13  56  56  56  56  56  56  12   0   0 172 255
255 159   0   0   0   0   0   0   0   0   0   0   0   0 172 255
255 159   0   0   0   0   0   0   0   0   0   0   0   0 172 255
255 224 172 172 172 172 172 172 172 172 172 172 172 172 228 255
255 255 255 255 255 255 255 255 255 255 255 255 255 255 255 255
255 255 255 255 255 255 255 255 255 255 255 255 255 255 255 255
255 219 159 159 159 159 159 159 159 159 159 159 159 159 224 255
255 159   0   0   0   0   0   0   0   0   0   0   0   0 172 255
255 159   0   0   0   0   0   0   0   0   0   0   0   0 172 255
255 159   0   0  14  61  61  61  61  61  61  13   0   0 172 255
255 159   0   0  61 254 252 244 253 248 250  56   0   0 172 255
255 159   0   0  61 253 219 103 215 174 245  56   0   0 172 255
255 159   0   0  61 253 232 218 210 193 254  56   0   0 172 255
255 159   0   0  61 231 245 200 104 148 254  56   0   0 172 255
255 159   0   0  61 223 240 230  47 231 240  56   0   0 172 255
255 159   0   0  61 246 215 243 239 243 253  56   0   0 172 255
255 159   0   0  13  56  56  56  56  56  56  12   0   0 172 255
255 159   0   0   0   0   0   0   0   0   0   0   0   0 172 255
255 159   0   0   0   0   0   0   0   0   0   0   0   0 172 255
255 224 172 172 172 172 172 172 172 172 172 172 172 172 228 255
255 255 255 255 255 255 255 255 255 255 255 255 255 255 255 255

255 255 255 255 255 255 255 255 255 255 255 255 255 255 255 255
255 224 166 166 166 166 166 166 166 166 166 166 166 166 224 255
255 166   0   0   0   0   0   0   0   0   0   0   0   0 166 255
255 166   0   0   0   0   0   0   0   0   0   0   0   0 166 255
255 166   0   0  13  59  59  59  59  59  59  13   0   0 166 255
255 166   0   0  59 249 245 253 253 240 252  59   0   0 166 255
255 166   0   0  59 248 181 193 158 232 244  59   0   0 166 255
255 166   0   0  59 252 220 205 111  55 239  59   0   0 166 255
255 166   0   0  59 244  99 225 210 232 244  59   0   0 166 255
255 166   0   0  59 252 222 236 245 242 218  59   0   0 166 255
255 166   0   0  59 253 252 253 236 227 247  59   0   0 166 255
255 166   0   0  13  59  59  59  59  59  59  13   0   0 166 255
255 166   0   0   0   0   0   0   0   0   0   0   0   0 166 255
255 166   0   0   0   0   0   0   0   0   0   0   0   0 166 255
255 224 166 166 166 166 166 166 166 166 166 166 166 166 224 255
255 255 255 255 255 255 255 255 255 255 255 255 255 255 255 255
255 255 255 255 255 255 255 255 255 255 255 255 255 255 255 255
255 224 166 166 166 166 166 166 166 166 166 166 166 166 224 255
255 166   0   0   0   0   0   0   0   0   0   0   0   0 166 255
255 166   0   0   0   0   0   0   0   0   0   0   0   0 166 255
255 166   0   0  13  59  59  59  59  59  59  13   0   0 166 255
255 166   0   0  59 250 245 254 254 240 253  59   0   0 166 255
255 166   0   0  59 249 178 193 152 230 243  59   0   0 166 255
255 166   0   0  59 253 216 204 110  54 238  59   0   0 166 255
255 166   0   0  59 245  99 226 202 228 243  59   0   0 166 255
255 166   0   0  59 253 221 235 244 241 215  59   0   0 166 255
255 166   0   0  59 254 253 254 234 226 247  59   0   0 166 255
255 166   0   0  13  59  59  59  59  59  59  13   0   0 166 255
255 166   0   0   0   0   0   0   0   0   0   0   0   0 166 255
255 166   0   0   0   0   0   0   0   0   0   0   0   0 166 255
255 224 166 166 166 166 166 166 166 166 166 166 166 166 224 255
255 255 255 255 255 255 255 255 255 255 255 255 255 255 255 255
255 255 255 255 255 255 255 255 255 255 255 255 255 255 255 255
255 224 166 166 166 166 166 166 166 166 166 166 166 166 224 255
255 166   0   0   0   0   0   0   0   0   0   0   0   0 166 255
255 166   0   0   0   0   0   0   0   0   0   0   0   0 166 255
255 166   0   0  13  59  59  59  59  59  59  13   0   0 166 255
255 166   0   0  59 250 245 254 254 240 253  59   0   0 166 255
255 166   0   0  59 249 177 192 149 229 243  59   0   0 166 255
255 166   0   0  59 253 216 204 109  53 239  59   0   0 166 255
255 166   0   0  59 245  98 226 203 229 243  59   0   0 166 255
255 166   0   0  59 253 221 235 244 241 215  59   0   0 166 255
255 166   0   0  59 254 253 254 234 225 247  59   0   0 166 255
255 166   0   0  13  59  59  59  59  59  59  13   0   0 166 255
255 166   0   0   0   0   0   0   0   0   0   0   0   0 166 255
255 166   0   0   0   0   0   0   0   0   0   0   0   0 166 255
255 224 166 166 166 166 166 166 166 166 166 166 166 166 224 255
255 255 255 255 255 255 255 255 255 255 255 255 255 255 255 255
